image_width: 1280
image_height: 960
camera_name: camerav2_1280x960
camera_matrix:
  rows: 3
  cols: 3
  data: [1012.00303,    0.     ,  634.7013 ,
            0.     , 1010.52924,  457.04102,
            0.     ,    0.     ,    1.     ]
distortion_model: plumb_bob
distortion_coefficients:
  rows: 1
  cols: 5
  data: [0.169547, -0.271025, 0.003653, -0.001601, 0.000000]
rectification_matrix:
  rows: 3
  cols: 3
  data: [1., 0., 0.,
         0., 1., 0.,
         0., 0., 1.]
projection_matrix:
  rows: 3
  cols: 4
  data: [1036.92603,    0.     ,  632.08576,    0.     ,
            0.     , 1037.55176,  459.29197,    0.     ,
            0.     ,    0.     ,    1.     ,    0.     ]
