# oST version 5.0 parameters


[image]

width
1280

height
960

[narrow_stereo]

camera matrix
1012.003029 0.000000 634.701297
0.000000 1010.529244 457.041024
0.000000 0.000000 1.000000

distortion
0.169547 -0.271025 0.003653 -0.001601 0.000000

rectification
1.000000 0.000000 0.000000
0.000000 1.000000 0.000000
0.000000 0.000000 1.000000

projection
1036.926025 0.000000 632.085761 0.000000
0.000000 1037.551758 459.291973 0.000000
0.000000 0.000000 1.000000 0.000000
