image_width: 1280
image_height: 960
camera_name: narrow_stereo
camera_matrix:
  rows: 3
  cols: 3
  data: [1010.14065,    0.     ,  632.80071,
            0.     , 1006.35439,  509.38614,
            0.     ,    0.     ,    1.     ]
distortion_model: plumb_bob
distortion_coefficients:
  rows: 1
  cols: 5
  data: [0.138549, -0.210332, 0.000690, -0.000222, 0.000000]
rectification_matrix:
  rows: 3
  cols: 3
  data: [1., 0., 0.,
         0., 1., 0.,
         0., 0., 1.]
projection_matrix:
  rows: 3
  cols: 4
  data: [1031.65967,    0.     ,  631.90785,    0.     ,
            0.     , 1028.0376 ,  509.26726,    0.     ,
            0.     ,    0.     ,    1.     ,    0.     ]
