# oST version 5.0 parameters


[image]

width
1280

height
960

[narrow_stereo]

camera matrix
1010.140649 0.000000 632.800705
0.000000 1006.354389 509.386138
0.000000 0.000000 1.000000

distortion
0.138549 -0.210332 0.000690 -0.000222 0.000000

rectification
1.000000 0.000000 0.000000
0.000000 1.000000 0.000000
0.000000 0.000000 1.000000

projection
1031.659668 0.000000 631.907854 0.000000
0.000000 1028.037598 509.267258 0.000000
0.000000 0.000000 1.000000 0.000000
